4289384
6930972
1693116
4637432
7748578
4238551
9885819
9761648
6517130
9642493
5203393
491524
3369639
2521503
4900634
7516882
5182733
386062
4089731
3458226
5005292
1596482
4703228
6960409
6466599
1023706
8723591
3665772
5180088
8704499
1517260
1985414
5638247
5725171
9137728
5902123
9965210
9026190
8177406
6484517
1180790
3384180
9488034
4553176
8416469
6901958
4583203
3603631
9799036
8674367
9572064
4804496
2778276
4276560
1770325
9245999
7807647
2999456
2912739
5498108
1705426
4433675
7489113
7347857
2664049
9134046
5756193
2632718
668862
3935794
1624175
4354535
9826351
1115219
8913615
8244993
520147
6002608
4354808
319834
7182928
6429725
5125067
9962866
710825
9399620
1709704
8519356
2399443
4625572
4018473
4106618
1562741
4010574
3956670
4228918
5644483
9715562
9362501
6316944
6151196
3485318
672345
5980773
7100796
2086552
6724726
7622854
587790
3577142
7945243
268194
8166
5565818
2728961
3216342
4967786
4440220
4232811
7369825
1561201
748118
3971086
3128290
4764386
7930897
9853004
2901217
141446
1709248
1712888
8784407
5196130
4879403
7259009
2298296
9458979
3988111
2411188
51004
53909
361777
2807437
64989
8414976
5537560
3283383
3386595
9980577
7517708
3247041
1542914
750989
9705161
7159867
8004881
125343
9500360
908722
271699
1212220
2623732
1539709
8893771
7505102
8799611
1197066
9446010
2793155
6089793
9501915
5327651
8937160
2310284
5396016
7353317
328564
1163411
744926
313620
1165473
6474091
4339188
1917163
6180508
3979478
9922679
6306603
3481267
834842
9059590
4697337
5939148
600042
6067371
5925824
9401228
7270215
5373153
4675151
3360977
7354565
3834
2298800
2143990
7876474
2126023
2473894
9042633
5348372
5264529
2682083
1826202
2078568
4602232
481832
6058661
6998594
9262959
9541968
309271
8326440
6714193
6253333
1399309
2782141
4652536
3273815
2526211
2499099
7954360
8360490
2325479
431104
3132194
6939743
777056
5259378
9418951
2290801
608663
7152893
4974468
4903382
9233079
2045369
5387305
7757646
9045384
4651161
7303856
9356189
5444562
6483851
8078153
6845731
9269513
5196984
120725
4260023
7700003
542094
2623651
2488145
3438643
8218294
9427821
4218101
3481727
1311274
8969081
6553175
8467181
3946844
1458836
162876
5993561
9307246
7920712
7498571
3963242
7685212
6859130
1866271
4170305
7396954
8716116
3444808
2596420
1296636
160790
2756842
4297050
2788600
5246873
7739211
1007983
7129535
4416043
6946623
8441291
3386380
3502569
6912507
9788465
7416928
9528156
8237870
6726468
7451173
5737888
3146326
5136733
5051892
7463906
9308315
2451949
8634721
5207683
7501402
9935807
5369378
2710272
6682877
610314
410031
6874600
4070106
7540682
1296034
1020620
5984166
7133701
6974276
5347444
9370349
6839688
4877005
7610263
6015643
4775141
5794681
1610631
9914947
848573
9075472
1670543
5747025
7711309
6882122
3251773
94209
4697610
5963278
6778393
7751370
6374281
3654238
1823995
6356869
7395499
5289403
2345323
6973446
4707502
134497
6346282
1549983
5015749
6398093
7567405
2229135
2193488
1615516
2148480
3044402
692915
6256681
8792169
8406888
5579760
4482842
8502978
281805
2885286
7718838
8034301
1698741
3810498
2295042
8056677
1209782
7587153
2839600
617931
4728247
2975989
6968718
6282145
429173
5799929
6286117
2659123
7995851
7901671
7242089
3474833
8596546
3499778
4701382
9437014
9079777
9186930
374926
1794005
2074040
524224
2260921
3773551
4335033
4558181
4258676
5548905
4576447
7098898
6167316
9304828
78186
5566140
8015930
2934334
1367301
4306007
5597066
1790231
4634877
5264724
5266873
5659670
8767385
9969357
5100816
272863
1582463
7900653
2068135
6082329
8425129
4329571
2282015
2761557
1310707
6541859
735297
5888664
3643389
9326576
5195983
6144931
4897286
3212581
9080896
8686948
9939560
7100656
2896082
4576126
2367129
8166584
236884
3554856
557105
7757321
3828945
2142052
5660315
8313994
640246
6502036
2647228
2922858
9266874
3958021
9466898
2417434
2261260
5527444
1745748
7461101
1676261
9059854
3089479
3173678
7751568
3031337
2689001
648278
20947
7470759
1228624
261762
1029189
1788251
430244
7270864
6343522
6094704
5586136
6983963
2597735
645007
9908057
4275606
4607348
1785689
6692912
6868757
7314982
8440265
6739601
1402046
7501853
9831235
6983997
7663613
5271022
9674789
721423
5293093
7147012
4355789
7962560
583211
8551479
8393962
7856481
4899820
6895872
5847514
4289742
1900518
6493827
6604185
8579263
3507215
792716
5275959
2781355
8112505
6120419
1923361
1917376
6026910
4158358
8903306
6093707
9432793
980020
9216286
7127640
528579
3573935
7490019
1114550
2126793
5889293
1371923
9426693
5184354
7222004
6114616
9482196
6114154
2722436
8062498
2018384
3515210
3343282
4802776
4025538
1859390
6726807
5945918
7889411
886054
7245840
6376664
2713822
619325
5594127
9843979
1149130
9170506
7334733
4656835
3690139
5618286
6032187
3120104
3193903
5648671
9235107
2676762
4154301
4348654
740964
6173827
254289
6475798
3367350
4282442
8337830
2484835
2619694
8618497
5760552
2254954
7381647
8477424
2875390
2979095
711601
6410034
4538335
435360
1068147
613668
8440139
9486311
3739202
1635999
5140072
5361794
4314750
1677609
2094598
7439012
7855067
2349841
3918317
3604099
9014964
4641199
6089819
1638907
5643708
1851351
6273553
3027170
2710209
9152437
8387139
3425237
5563431
5305368
6239715
9008474
5918653
4682330
8494954
2038608
8696340
3640285
9779550
5391059
7692396
1877164
2833430
5552841
6603430
9130246
1530671
5620412
6149387
7622312
9636140
4169418
9476461
5911710
9572758
4558246
7440216
7964173
7987629
5379386
3271306
6598582
4389206
1560399
1285121
2885677
3599315
9982716
8899402
3379171
7742359
6593020
5258959
580161
4518529
1863589
2080588
6049435
9851725
8232791
6039923
9490009
4768720
7886714
7769798
4342784
2445274
5212998
4675598
438014
595152
316019
7036702
7349736
1877101
688404
2601733
5478063
3038328
1505555
8859180
781336
464264
6483930
3725407
7346400
713221
5807517
5759784
567340
6404376
1800989
2419785
1173692
9687781
190976
5517639
2134182
7764215
194056
4933867
721826
510186
4332485
8074085
4743866
5024243
677405
225846
420551
4542239
1445396
1204874
7363465
287701
7284540
4711793
1004575
3095701
472033
3929833
9502031
2273994
8704116
3030055
4315099
1250457
902608
6451513
9015713
1100606
1387926
9738408
3964638
8070766
166808
8708149
3100701
3197266
1286129
5870810
7743213
2734328
9427659
5108810
3023371
6712755
2170736
6379522
9811861
4991274
2660542
1666572
7269404
1367326
7043073
1585293
2617763
7945002
384062
3979318
9049610
4119695
3721260
5360317
2191050
3889041
4071870
7638777
7086408
5358264
3511292
7175693
437711
2939793
4631418
5806191
9653123
9144353
4530167
1810349
4135772
7193811
5819599
1410226
905633
2863398
5337998
5866522
809219
5723516
9846957
2200824
2180652
5909669
7562241
4372065
2140626
3974559
2011630
1568545
1673031
5524570
1083171
2112968
801298
5718192
7920776
458476
4863917
2452008
4603266
1333303
1982663
423681
2748591
5222919
3287759
422459
1093046
4098473
8481951
3275478
6299718
663229
9187981
6194242
5036223
3660895
170030
9377791
5231721
1842494
4906763
6315402
3957933
5708251
4366126
4211004
8497259
1562657
8994195
3101291
2895818
3305932
3525666
7974939
8528723
9139981
725926
9625242
3243227
9210704
5227230
1872044
2201133
6744106
8067304
9564133
407580
562256
8942641
7965446
2406622
3854523
6607966
8690230
1889207
979010
5225649
2710037
4864953
4223284
5814477
84395
7528929
1664096
8062564
6059016
805445
1107836
8007221
6370935
323458
3236072
564243
4842449
9980459
953410
4407315
2707156
1516672
3351405
674758
6241512
9525809
7283690
4935186
3734040
582914
162188
6445184
7763940
6701850
4578063
7849202
6547415
6245599
8229158
2611900
9366874
9336533
2934225
8052748
1975569
8484771
8618141
6817730
781517
9572136
1226448
3490208
3400714
4579738
6476668
9642063
6415858
6073614
4581498
150731
6660949
7054825
6597792
6733941
6065596
1178127
4587256
2613505
9734384
5124589
5230384
1411655
4464326
472344
9465715
6440855
8958069
392297
5564032
9739918
2272114
6792833
5535918
5673233
3680307
2013694
5317473
97750
8086632
2205890
2550170
7053334
1565252
9151547
3788626
7630273
2635524
680118
244705
4674407
5805231
7778847
8386670
2571778
8253524
7857935
9017626
9513480
549933
6879788
1556315
2822261
3677232
7093608
8497074
9655528
1405499
6113804
2052588
9494258
8322561
4601852
6549776
2182921
3758089
2634691
9813838
8689782
3315457
61154
3367923
9122838
134024
4046592
3986701
8391951
1910401
5301107
200491
4751525
2182130
1758441
7575793
8153033
1145776
8366960
7811181
2551473
4483879
9863714
4337497
5100589
4466672
3179933
7284044
516860
5815708
9387010
9208915
9133905
1738612
4868928
549593
1872246
8915178
4536153
2554242
3115908
9837055
2756530
152280
4304158
6802068
7731145
2457809
7950039
8383024
272230
2787382
2872506
2421089
7125374
259518
6891344
306159
